3162
4939
3850
7978
1897
7891
3982
9920
9225
8273
9443
5796
2577
5892
7388
1546
6067
2052
7538
6583
9163
394
2504
3242
6860
9171
9278
4937
2674
6564
1801
4143
983
3021
7997
6892
5753
8021
1496
144
9205
5256
3661
3603
276
1829
3945
8913
4591
3172
497
473
6612
9344
2371
6438
9749
1316
4585
8331
4855
9295
8471
4742
4526
9243
3150
6646
9223
4111
409
7905
7764
8688
4182
3393
3102
6858
1919
7167
1601
1884
5392
8718
6606
2354
4560
3392
2358
6814
1193
6906
9473
7701
8260
478
249
99
9114
1177
1763
2030
3290
3276
7117
209
2166
1608
6374
8552
3763
9916
5759
2739
3649
8248
794
9479
2362
6199
3362
9072
8741
4216
5635
6333
6664
6942
111
5780
261
2579
3055
2719
4308
5380
4242
3009
7453
4243
6203
4456
8302
4434
7788
4528
9188
1614
7622
4105
76
8398
5449
2950
3859
5248
9091
7783
2993
7427
1821
9652
7321
6192
3527
8819
1791
6136
681
7018
6272
1716
7986
9794
8074
4278
418
3644
677
2499
2054
9157
8476
712
8258
2933
6697
9597
2328
8023
9031
6355
8788
531
5622
5554
7752
2590
3633
7473
221
6502
9346
3639
9347
1029
8108
8685
5831
4329
9276
3682
7245
5709
1880
9143
7209
783
625
7961
9329
4850
75
9555
2009
3312
7806
9195
9567
2406
9650
9742
1862
668
6879
8694
5025
8289
5636
5849
5947
5968
6615
353
5675
53
2919
6392
6496
8064
7611
4153
341
1760
9675
4047
3103
1746
8997
913
8954
45
7532
7208
4005
6986
299
5456
5381
3121
4001
3473
9233
7051
280
5210
2628
5342
8170
2037
7356
996
6596
5127
4077
4533
9982
7832
1399
3817
9458
9312
749
368
5216
8242
6095
2248
3730
6681
9492
51
5756
5065
9197
6503
7298
7798
7123
3579
5011
179
6935
8587
3954
4346
3188
7672
919
3457
2275
8405
1422
5846
3883
8107
8982
5294
9815
3681
3395
6160
3269
2991
6426
799
530
9042
5602
7501
4459
602
4294
4202
4822
8548
525
2832
4654
6912
8848
6999
1603
6341
9456
1035
9998
4263
3921
688
6414
2408
3018
5334
7623
6184
1752
6663
9417
7426
7286
1549
3748
3913
7374
3376
7283
4002
4413
2865
1624
7941
2753
7100
7882
5774
1510
862
6046
5240
1475
7185
7794
810
9881
4988
2928
4314
6679
9404
8008
5279
2891
6219
2734
6952
8713
5588
856
5518
1728
3845
9528
7545
7353
2903
8287
5926
6896
1326
1931
8829
1774
1602
4067
6071
1996
5402
7026
7853
3237
6544
511
4471
5783
6143
1293
7681
2223
1381
4098
6642
603
1331
771
3074
2155
7156
4658
1567
457
3799
1444
7888
7081
6811
447
8923
1600
3136
8043
9155
1198
200
1520
2153
9043
5958
1751
3210
1547
5225
1342
724
1817
2593
7960
4774
8518
4423
518
9024
1204
3572
9348
88
9267
9901
1881
1842
1616
3578
9041
584
5017
3912
2390
3745
1644
9487
4116
3397
3759
3182
3229
7468
7846
5125
923
2050
3792
9510
3163
6459
1989
3847
4840
9018
2515
4012
475
5289
6821
463
5468
3466
3340
8235
3570
6086
2988
6648
9271
8046
6845
6133
3289
3154
2735
113
6353
2563
160
2536
926
1583
552
8266
4460
5840
2310
1386
5722
6746
7092
7678
4904
9038
9401
2660
6887
2726
8353
4903
6232
9246
3916
1427
9875
5147
2926
6132
7137
4523
3036
2184
1433
6377
3793
4470
217
7624
7625
92
8503
4511
7859
6733
8933
8451
1385
2534
9661
1397
542
72
8283
1762
1815
8102
2998
2866
8856
2600
1532
6530
2454
8706
7728
2077
7415
5014
8780
1110
4879
8435
6478
9518
1458
6299
717
230
4481
1437
4932
9878
6867
6271
7613
8269
6406
2389
4991
4050
3922
5182
7150
5206
448
6800
6949
7293
8785
7202
9465
9662
7761
9858
300
5458
5854
1194
6337
5027
2181
3959
8492
8629
5614
6838
7350
9939
5306
492
2833
5073
2006
3923
9747
9635
6600
1605
6570
892
2051
1925
6954
4831
1753
5046
3747
9522
5218
1686
2773
9408
8477
7461
3933
9200
3084
3710
7228
421
4258
6291
515
4137
1625
2576
319
5574
4284
1321
2812
8125
9234
2507
3956
2197
3304
7306
8877
7746
1554
2148
9380
6504
3236
6710
2798
8535
7296
9756
2811
8822
4186
1953
5995
436
5364
2938
2657
4567
4733
2873
9439
1809
2130
8909
1551
6976
3379
4796
9589
382
665
1229
9441
9867
1332
693
9710
5679
4569
2976
71
7911
2961
8307
9053
3348
4828
3674
4256
5273
134
2777
6259
9572
4547
5974
7178
8261
1097
9717
2549
9151
415
1795
2484
7766
4247
9057
3387
9117
5953
5982
4192
6776
5925
2405
8359
700
7554
7147
4522
8233
9067
3754
1317
1493
3169
283
8469
3026
1663
3703
7503
2784
7608
4504
114
5055
6195
4751
3852
6885
1585
2264
2654
4632
9887
1205
6480
9852
6598
5883
4264
1259
4868
6364
1669
9806
6454
7435
7980
3098
6356
8866
8613
8793
4681
866
9166
5227
5114
3267
7281
3424
56
8712
6528
1640
2379
2299
5487
6216
2905
8895
465
8911
1677
5416
2156
9190
895
3957
5420
1506
2945
2970
7654
7680
8386
2293
468
4360
354
2544
3550
5103
3455
6761
7372
3993
6076
1034
7213
3931
5499
784
4330
7694
4172
4171
6373
8068
6787
7548
6533
5493
6308
961
6482
4546
5466
6578
485
3429
6091
3965
7983
6842
9466
5124
440
6622
7645
9095
6700
8951
9805
5839
256
4740
1055
9153
5021
8092
9748
7526
2322
898
2436
9549
6671
4680
5019
8252
8946
9559
5194
4044
4030
1656
5806
3988
7688
6666
9645
6705
9261
1340
2740
5418
2086
2286
1263
2012
8700
1260
4439
1823
8704
2422
6669
5041
689
2591
9360
4031
9719
5351
3777
2807
2074
8390
5464
4982
459
4883
2092
9651
8650
5684
1047
5561
25
1239
6428
6718
9305
2491
194
3609
4900
7231
5485
8048
7143
8217
1418
2613
3604
6257
1490
4864
951
7762
7210
3113
1151
8066
8400
6491
5181
8231
3761
26
8561
2539
1056
2427
1438
8497
8459
6340
1456
5297
49
9752
6368
9081
2614
2944
7326
3952
8097
1968
1167
6714
775
6670
5054
5143
1043
5315
7382
8903
443
4270
1245
5772
7419
4249
5506
4274
535
8000
558
2542
7187
7193
7087
6292
9769
5268
8522
5115
8056
9983
6852
2578
2193
4992
4462
6065
539
5442
5505
3076
7235
6328
5616
9486
6940
1031
9355
1681
2176
5611
8608
870
9728
1279
2142
4959
5726
3409
8157
8145
2662
7134
5166
7357
7775
4985
666
8715
5943
4134
2910
853
5880
4220
6381
9475
1057
9316
820
8868
4378
167
1046
5519
9268
730
8521
6856
713
3487
803
3867
7020
2816
3990
736
9810
4593
4896
9187
9478
366
9906
334
7677
7956
4827
6925
3631
1470
3629
9387
2984
174
2771
2307
2204
5098
709
8749
4610
3574
8842
6573
6650
327
8919
8803
9450
4848
3031
5915
7777
1334
1145
7830
5408
3016
9283
1907
3820
9379
6673
6293
4285
9022
3295
5437
8020
7289
7799
8888
6423
4849
4968
7053
4118
2254
6324
4198
2981
9460
3234
8407
2270
6130
8665
1672
2149
5876
6362
6332
2708
9853
1759
3399
1778
5075
7424
6181
9931
2157
4177
8827
9907
550
2864
5089
8523
1327
4368
564
8383
9375
8789
2409
6039
6516
8828
1764
1044
7029
6058
6996
7845
1400
5544
3373
7871
5059
7203
4756
537
6699
2936
6014
3309
3769
2948
2612
3353
7514
130
2058
8645
9955
9672
2191
8355
4472
6883
2917
7929
501
9352
8431
8483
9063
918
7594
6526
1621
8699
1181
3231
9938
8054
8069
3798
2356
1109
8667
1988
5691
8956
4833
5866
8661
4762
3346
8800
1980
5644
2894
2568
3806
9588
4961
1816
8094
8873
1070
800
288
5373
383
8546
533
4363
9715
1498
7075
9470
8447
9288
8096
813
7563
343
7476
3271
828
8506
8675
806
9958
1090
388
7696
2498
9779
3977
7962
7936
9509
8703
5498
8095
2132
8083
3557
8006
27
2305
1576
6802
8325
7010
9691
8487
8902
5991
972
9594
513
4851
1668
74
2024
1653
7854
5886
7309
3167
3190
9564
3194
5600
9586
9569
8330
5052
9973
882
6963
5258
6735
4825
979
9846
957
5355
3060
2880
6150
5444
6463
3293
6120
9842
6680
1495
9862
2255
5396
1153
4696
6475
1348
7944
8727
4422
9054
9739
2461
8869
8624
2116
5850
9248
5688
4578
4575
4112
824
6541
8264
6390
2097
6384
1660
1785
2388
7705
2439
1389
540
9768
331
3065
9587
294
3826
7480
8106
1104
764
7311
6101
7578
2292
9667
9508
9218
2679
9628
8514
9007
5526
1548
2685
4301
1130
4405
8468
8458
9641
5404
7848
5874
4724
1184
4623
817
4621
7679
4835
7425
9553
9736
5132
3746
7225
1986
7171
2878
8130
7047
8198
988
4930
4662
8479
8153
2002
3100
8152
1139
118
1004
4553
4789
6789
8961
6613
4436
5541
1041
6728
5671
4525
4960
145
8199
4351
3689
8297
6490
9759
1486
4801
6301
1581
9319
551
5329
9861
4613
4846
6653
4764
6003
3225
3019
714
3265
2733
7078
6641
131
3930
4401
6922
2759
8834
987
3166
9737
7302
4373
2795
5229
7531
2266
4674
7726
7890
2230
5510
7675
8249
4826
7236
1706
1152
9189
9976
6404
1845
9678
8545
9511
7105
5996
9327
5921
2060
1895
3133
6135
1228
5030
5687
7176
7027
6853
1864
4955
9960
1688
338
9658
1247
16
6902
3505
399
1395
1379
5400
3042
178
6605
6215
8086
9927
2247
5994
3038
1288
494
9910
414
934
7816
5465
6593
1944
7410
2646
733
8410
8942
481
1256
7002
3262
2571
9808
169
9214
3686
2879
3445
2551
7827
8334
6757
3783
8926
6227
9324
8426
5537
671
1855
9104
8771
4497
5255
8676
8
9745
7360
2330
5760
2594
696
2287
9126
4244
5872
33
1572
9113
6235
4954
8366
835
296
6048
3134
7362
6563
2382
1527
8335
9142
5547
1794
3160
1942
9099
4872
9366
5545
7926
3469
8691
5869
729
777
8339
7536
9660
6983
5000
947
7918
3185
6320
7224
9076
7658
6765
545
4222
4350
6221
7707
7094
7982
5857
8714
1974
8508
1886
7240
1504
3446
4129
5251
3598
6960
7667
7857
8998
1875
4817
1203
3526
2428
9766
8881
4781
524
2711
4040
6859
389
3510
2241
4185
9605
517
5885
3685
8282
241
4515
9801
6021
1356
2475
5476
9296
3244
5156
4293
9357
4802
4899
2441
303
8035
5733
5714
6877
5514
6418
1837
5106
2567
1902
5161
2038
5029
8974
4549
7340
7024
2160
8557
6977
5042
2370
1896
2169
4265
3425
1508
2763
6938
4965
4893
3938
3435
5871
5620
9148
7310
9262
9826
7839
5138
6402
4347
6741
3007
6323
3879
7254
2159
7969
9891
3722
9411
1865
3809
2089
1064
795
6920
2538
6351
8136
3530
2801
7784
9850
3427
4548
4748
162
825
7242
2174
1609
6861
5755
2066
6416
2261
2210
4676
5094
672
5586
769
238
1982
9373
4006
2473
9351
1212
808
9905
3723
7312
3479
6752
7519
1011
9201
1553
3693
1349
905
6322
4644
9647
2177
9138
2467
4208
4891
5705
738
4917
3929
2645
7299
4254
269
1030
1472
464
5131
6947
3601
2327
6043
1718
3985
5870
7772
8966
5430
7252
6102
900
7698
5313
3825
7849
7217
1806
6637
6869
7141
7695
7269
8016
522
3856
6687
5597
7405
7434
5598
9648
1924
3569
2085
2609
6529
8719
7750
5314
2531
4958
3375
4442
1284
7546
6971
1750
9981
4014
8976
5254
3050
7721
7409
8367
3197
9721
9461
375
6005
6104
6706
8174
5490
5057
6946
1006
8271
9666
14
3450
8846
1169
2608
5149
7505
8290
293
5630
8904
9122
8959
722
5415
4034
4479
8412
259
8583
6175
79
4651
7266
2623
4069
3951
9705
3695
2208
2300
2550
1114
6985
8826
8528
3650
3000
323
206
2363
2783
9886
944
3037
2240
2260
6466
2490
4875
2324
2956
2115
9311
6174
4376
2793
6684
4913
7901
2056
6225
2333
2083
4943
9372
8029
1497
9228
673
5758
8501
5676
2528
2048
2707
4071
9333
7620
8742
6915
7709
7054
184
5219
7955
1231
8821
7391
7438
6905
2456
3978
2815
2855
9697
6307
2402
1949
690
3506
7390
6547
760
5798
8999
1770
8395
5484
7642
5489
3692
5084
2776
9836
5382
5606
4986
6465
8593
4396
8659
376
8565
3764
8087
4697
1262
6844
3015
250
633
5764
4641
9782
2616
9943
7668
9257
8372
7469
7495
7052
1217
5101
2955
5668
2535
9961
6531
3310
5100
9437
3092
5955
9069
9477
2345
467
3669
2107
8937
1766
1649
4417
19
3567
6786
2725
4056
4587
6331
6961
3683
2979
9754
9336
1040
739
1712
6639
1482
8158
5662
9082
8104
6218
6611
5195
6874
2809
5165
2063
5060
4203
7655
2061
8636
1137
2602
3381
7535
8037
4492
15
8669
2626
1324
8725
1246
579
2556
3106
7429
5761
1987
3948
1885
3787
4625
7539
1330
4488
3415
8692
6443
9260
6151
1069
2940
8093
8434
2802
3200
7998
8377
2440
4078
2443
2844
973
255
3679
9814
6889
5591
2962
1095
8369
4344
1320
5572
7910
9679
4313
2430
5977
8391
8738
2187
8737
9079
7737
6436
6737
970
1396
639
8970
8871
4181
9158
125
5750
4708
5136
5835
7030
3277
8605
1463
5262
3227
7841
5213
3824
5105
4223
6499
2249
4618
589
843
1808
1053
9561
1507
7015
7229
9398
2380
547
1038
935
2820
1449
1767
3827
5099
7270
7375
7249
4684
7874
8734
7031
8120
7400
1314
648
9213
4989
424
6326
4083
12
1016
2416
4176
8379
8272
5861
6717
7725
5331
1591
7585
5986
4878
7033
8014
4025
7009
8300
9606
1535
6836
9593
8115
6171
4545
2619
699
4037
3848
9741
8432
6771
9626
3170
2288
1781
5520
832
1476
9673
461
7379
4554
4716
8681
5448
9992
9066
6163
9971
2939
6304
7182
8154
4041
8139
2167
4776
1391
3963
5862
6255
5168
5284
3955
6100
7220
2488
9816
4811
8246
6876
2015
2147
3812
567
2047
2421
8482
3217
2414
6447
7600
4557
8572
5432
5652
2934
242
5266
9584
2827
9872
3599
786
4671
731
2624
2841
2413
8363
8098
3596
5486
4966
2014
2005
703
9505
1720
476
4615
1658
4551
4609
9317
470
3901
42
889
5032
3063
150
4503
7155
3027
7082
1946
9585
9468
7824
2834
1623
8660
4193
1822
8275
7036
2194
264
3072
8983
6638
7212
3401
5193
8311
4507
8947
2101
6424
6515
1238
9161
5965
6452
165
9987
8268
563
4721
7617
3248
5865
4935
5080
5083
8111
8940
312
9533
4312
3939
6164
9758
9183
3294
7085
9764
4693
2621
1905
4165
7971
4509
1131
4142
8598
2458
4480
4500
4798
313
4964
3858
7253
2995
1736
3352
2896
8387
4245
2547
4183
4206
7234
9946
541
3616
1010
1191
1505
7
202
5280
4393
3300
3699
5459
7028
7900
6336
5500
1190
5053
692
2821
3273
8464
4948
391
6298
8990
493
4953
480
5699
1831
350
6212
4035
6254
9023
2595
203
8792
3927
7063
8698
413
5727
9512
1100
9030
8216
7272
6762
883
3020
20
2840
3396
9753
91
8674
3382
7446
8917
1673
40
7148
2902
5969
2067
4188
3662
5745
2028
4305
5323
8009
4576
1372
1164
9856
1726
4653
1629
9683
3962
1003
5295
9578
2596
8896
1060
963
3361
7077
2161
4838
285
3680
3641
9677
7046
4199
1424
9616
674
9637
2481
596
9959
7893
3184
4611
9545
8414
1534
1611
6248
2916
5062
9746
3771
5337
656
2785
7858
1120
1634
9235
6543
1306
8965
8031
13
8666
7756
7972
3099
4839
1948
3151
7945
3620
8538
7786
2478
2548
466
3324
6729
9659
7169
7492
7896
2767
7948
3033
7844
5197
5697
4670
6572
2154
7287
7765
1954
5091
9556
1178
9238
6545
8711
4225
4841
6041
8804
7660
3625
4843
9796
9731
5851
9342
505
849
6667
278
507
8371
9282
8763
2949
2489
3808
8251
6407
7304
5879
3004
6022
5793
1941
6260
2756
6487
9851
1363
3251
6242
8253
9491
5308
7604
1022
1157
2280
6006
1637
5603
3447
9607
4235
9440
4196
1226
3139
4589
9608
3691
1318
4631
1112
5836
4915
1240
3960
6785
7368
6901
2570
7555
3138
4603
3711
3743
7398
9682
4397
1523
7683
6001
5327
976
7610
5728
63
5858
2521
2117
3906
1369
9644
7455
9432
9583
6287
921
2337
7183
8099
2477
3508
1140
2751
9829
4402
8450
6907
6239
5693
390
1271
8059
1287
750
9139
8569
7404
1147
7842
195
2340
7870
7540
9147
6186
894
5837
7116
2755
3261
8964
6207
4600
18
4366
3635
5763
9830
7886
7685
3523
2068
781
291
6658
3652
78
7076
3498
5768
6060
6017
3843
5064
5710
1670
5657
7274
682
9217
5930
5601
2622
5789
8864
8165
8863
1267
6732
8755
4088
3584
9534
55
6609
932
9532
6813
9576
3815
5867
8080
4990
8643
9665
5072
1188
6000
6769
2285
3937
3282
4357
1101
4354
3762
9445
1371
2377
266
5311
5767
8089
7348
5587
1221
7001
500
1414
9077
4070
7810
7146
2104
1935
8318
307
6182
2817
154
4187
104
8986
7005
3995
4184
2871
374
5557
1866
841
3608
4427
7767
6711
6197
1
3496
8201
4052
4359
3141
7879
796
2094
6310
2435
8478
5875
7035
5097
3647
9009
5762
8210
1195
5934
4524
1841
2519
9388
2532
8078
2828
2121
2730
5906
7068
2309
8499
7627
8963
3932
7132
4919
8204
7295
9354
8693
3483
6774
8142
1916
4752
3252
9657
7300
7898
225
8044
7817
6461
3946
826
442
2525
3235
9892
9075
3707
2336
9811
2220
7753
5988
1803
7498
7318
7934
7931
4496
2398
5940
6919
4331
3142
574
3677
420
1743
6703
9174
1932
2059
8589
7922
2862
6034
445
2722
7769
6926
2787
2738
2558
5116
2588
112
933
2447
7364
1360
615
3720
8642
1580
7059
4304
3772
5661
2553
3404
5613
7653
1642
2884
8623
7521
1054
2173
3656
2471
8525
797
8702
5079
6950
833
2444
3663
8012
6469
3623
6933
2943
8077
3068
7651
3436
1286
734
4688
4466
652
37
3419
8934
2338
8893
352
1412
902
2464
9999
6783
5303
9523
2604
6435
7041
4706
695
2629
5752
3313
2219
9242
5651
9908
2113
7023
7485
4395
5239
8010
4606
7214
9540
8429
6747
8416
9989
3519
3062
2296
8316
9438
6519
9525
8594
998
5834
5704
2582
3226
9919
5660
5066
7335
3751
8709
3618
9025
2205
617
4847
1487
6891
4871
8301
251
2992
8679
7704
8173
3675
7316
5914
5281
7744
2087
6486
8886
3737
4375
5209
7499
1420
9134
7122
6068
2601
3005
3742
2257
7670
2788
4162
9649
3406
2032
8344
2451
5577
330
1800
3986
6453
5923
7111
4745
4638
7619
411
4604
9978
1441
7909
3697
8156
5779
6045
6283
7048
1431
8931
3349
594
5491
7007
7358
6343
7232
8596
5363
282
7601
4384
4367
6509
4630
6274
1213
1329
6676
9701
4770
7876
2162
583
8345
4926
5512
4971
9757
430
5497
6592
3171
2610
9198
650
335
9274
7883
9386
1362
9848
1516
908
4086
6372
3175
6277
6357
9247
1376
204
7083
7614
9579
8241
2791
964
4046
4353
925
8134
4073
7724
2476
3203
1734
7924
9314
1729
2128
31
6387
865
1012
7633
5993
5359
8536
3908
1877
70
7264
8805
4563
1079
8328
4620
1313
3274
3249
8865
4159
7850
1118
57
8365
5222
2769
8758
133
4987
3884
290
7493
6033
3953
5504
2972
5324
5356
39
4028
1947
1757
7417
4038
1248
3398
6723
3514
5178
8456
4484
8137
7380
8515
6055
869
2822
9716
6750
4799
725
3597
1861
9918
2786
5856
2239
8632
2212
3733
6064
9132
4421
7324
2829
8196
8129
5253
8791
9820
7913
1971
1018
6494
8378
4345
2736
6632
2222
9469
5927
5298
8641
5542
191
4260
532
8759
6532
1156
1091
2724
7792
7686
8797
6588
9783
9760
529
1667
994
697
3851
588
1783
8060
3296
9781
7096
4469
5063
6678
5135
8767
68
275
6662
1558
398
8882
4117
8193
4597
210
5785
1242
8114
6077
2008
9755
3400
3315
3327
5933
7431
4261
5406
4389
4862
5551
6019
7867
8188
9722
6380
3228
1186
5739
9843
3940
6314
3547
2899
2291
7751
7069
9541
4791
5081
3841
946
4963
83
9845
1573
7412
7413
3634
2016
4146
4455
4596
3760
1904
9356
2277
6083
3767
5085
9292
6117
8907
1727
8495
2001
5170
7044
779
7084
9542
4081
3070
8003
4121
720
2263
1559
4933
7513
4974
8055
1792
9263
9832
896
1938
61
7697
3191
7371
2572
8017
8361
252
4170
5407
1049
6237
2706
7935
5088
2665
4415
3412
4248
189
7674
4087
7595
2826
3790
1983
2497
4408
6410
5472
7602
1761
2233
9957
4737
2091
2774
3280
311
1604
7275
5454
9127
3301
7477
5326
6628
6023
694
1083
6979
999
1541
8123
915
4634
8784
4057
5332
610
2433
8415
5997
8382
651
6635
1747
911
577
5771
7560
7763
7851
4213
8764
1810
8640
5312
1661
6875
8644
8496
6153
2090
6188
5627
6798
1562
2007
1312
5898
310
3337
9181
6249
7547
4382
3563
361
5272
6479
8230
3442
3803
1440
2361
1732
7606
5786
2118
939
8489
8567
4161
8529
7915
3757
8671
3976
514
2566
9499
6429
253
8818
1274
3058
3196
8502
901
7331
1691
562
4080
4338
755
8603
2452
2506
5265
5744
8544
7793
1233
7365
5129
7456
6955
3740
2105
1610
9101
2693
2683
1093
7834
9949
3813
9294
6966
1777
5086
2031
8050
6265
1870
6795
9636
640
5031
1219
7268
4370
8766
1319
2415
6629
5371
2055
5589
4695
8413
9335
7163
6025
7201
3321
1243
5069
5508
7377
8953
9313
4178
4761
3278
7517
6512
4148
5917
9012
4267
7279
7301
85
1571
1419
645
3110
5469
1648
5300
6282
3814
7996
1501
9995
7967
2134
6677
8952
8352
3250
2977
1730
4729
9039
5961
3794
9425
916
6484
5845
5299
7101
8427
7800
4404
7821
8899
4803
7291
7258
2761
3576
6193
9947
1965
6347
9231
9965
1858
198
2712
6820
4797
556
4443
4486
7840
7479
2311
6376
5203
3999
2684
6743
8831
142
5624
8604
600
3893
2935
9307
2448
2634
8905
792
1374
2772
620
9903
9087
9422
47
3465
4532
4299
6470
2267
1533
798
5736
8680
4036
859
8981
5446
9538
1413
9813
7723
2523
802
5824
7988
3753
5830
1641
4435
7107
7838
89
9695
3279
5257
4226
9323
5730
8368
5423
3117
8160
4440
7927
9145
215
9840
9302
4425
6584
2808
2947
7221
4663
4538
9926
367
4725
2732
5643
1724
9785
1298
4956
3541
7138
5604
9896
2860
3566
5450
1098
6240
9601
6740
8159
8419
5803
8993
8563
5734
5238
5190
6775
6020
7543
5773
9429
7172
4978
940
4487
491
5296
1103
4107
4386
2035
7925
5532
3275
7525
7781
857
5948
7170
8337
612
6585
8119
5287
3804
8599
1765
4140
8453
5912
5180
2603
2432
2145
1650
9393
392
3246
4779
1296
1575
8996
553
6072
1991
4570
4433
5594
5882
9924
5887
7511
8889
8835
9700
326
3101
4920
3281
3452
6097
5820
2728
5936
377
9513
1709
5243
9857
6468
4403
6595
8155
5108
6962
4636
3704
8695
2331
1307
9160
4723
5340
4767
4727
8113
9448
4269
3688
8519
6205
5033
9897
4348
744
9611
1015
4996
726
3917
5473
5282
560
8131
7237
1210
3002
9912
1652
6791
502
9423
7833
4877
2652
9560
7370
8878
1078
9249
1779
1894
9951
8421
5941
4936
2474
9413
1192
7718
5703
8962
3492
1144
5361
2259
2108
2517
9409
3934
942
4837
7968
874
2850
4029
1465
9427
1310
7912
7630
5184
6451
432
6984
1694
372
9592
8790
5670
3717
6079
1671
1367
6131
2102
321
9446
811
6616
7328
8958
2877
2994
4529
1099
4412
5904
4475
6147
4485
7663
9568
2372
4788
9496
5723
4168
1804
2493
638
3305
4394
8550
4020
2929
3109
7402
4391
8707
5096
7692
9029
2952
9921
2323
8401
3637
3958
3823
3802
4093
787
7011
3672
7190
5128
5696
5133
1201
838
3551
1149
6939
2630
5394
4418
3595
8071
5142
842
8408
4169
6455
410
3259
10
5009
1468
4659
6872
1692
8637
175
7747
6988
8013
1719
1990
7878
4115
9602
7449
5187
7916
2136
8168
1170
1627
9049
1166
5172
7406
3256
93
1488
6296
1289
1818
7776
246
404
3501
7802
5353
6880
1617
7175
6124
3490
3562
9474
2727
2642
5360
6607
2985
4409
7648
7396
2760
9922
4726
6760
2632
2647
2470
1565
2540
5496
6394
9350
3789
9221
7908
8756
6106
6032
6457
1062
5629
3481
6270
1377
8324
8181
5784
5749
6156
5119
2084
5569
1834
7712
4981
2839
6819
3670
6285
9457
4191
965
6026
9084
4637
6042
8668
1631
1410
9367
2106
2762
2503
6685
1957
3049
5900
9196
3230
1738
1466
3411
7103
3615
5039
2295
3918
7572
5827
8564
5301
2597
8504
8022
7628
7866
4683
1175
452
6518
8652
1985
4898
663
9097
9837
9258
7823
3124
8585
8633
4678
8213
6189
1836
5829
6556
3363
9074
7635
7733
1479
876
8490
7292
7904
9944
7703
5104
237
7366
6398
9750
3356
2901
2743
7333
2960
3323
2183
6134
7664
81
9297
5
637
1461
3263
4156
7742
3187
1432
6888
3232
5160
17
8944
4291
2407
407
7666
1301
686
2494
8663
6170
1165
4234
8319
7869
7144
97
8462
5619
2749
8811
5092
7758
7564
6538
8979
4337
4318
1542
2680
4512
654
3245
4643
6913
9285
9361
5952
9040
5962
6173
9164
3515
7056
3347
4275
9937
9259
6448
5018
471
8177
9137
1338
1163
8019
6201
9419
9058
3318
5107
2251
4715
9694
953
1742
5987
878
7638
3284
6991
9609
1187
2217
48
9472
6647
5732
1411
2648
7462
5804
279
4296
3463
568
6442
6546
3942
8579
2182
4473
7571
1827
6375
3525
6327
9883
3725
9144
4836
5310
4151
8404
3365
3905
8263
9165
6305
7914
6908
7815
5024
6047
9915
4923
6660
1206
4340
8317
7384
9070
2691
2321
7106
2150
7894
6236
8814
1209
2617
516
7665
6360
7099
8588
2745
5918
6159
6958
1539
84
3320
2883
2235
1215
412
3892
3497
8356
6507
7458
8626
5433
3849
7592
5797
1460
4103
8600
1577
5731
8967
9300
5658
3288
9004
2573
3520
3658
4441
9112
1594
8774
5292
655
7506
8825
4972
9056
4229
3796
6969
2704
7112
1107
5842
2342
1439
7884
1019
5159
8354
6342
2013
1973
9687
9980
2847
1434
9397
1445
9482
6145
7847
950
5399
5224
3622
1150
7985
1183
2426
3491
4043
1819
5455
5685
9751
9061
2185
7194
2392
1852
381
3341
3114
6038
1388
3891
1622
3378
6214
9059
6035
3690
2417
8225
5523
2483
708
3291
1665
2964
1116
6010
4888
8005
3143
2922
8747
4581
1454
2511
2308
9720
5708
5233
6927
147
4358
5725
2120
8121
2713
7064
5003
2100
7822
2583
4782
65
6228
4072
1237
9732
887
512
9402
9453
1484
4008
1481
4628
9287
1514
9290
1132
8299
3791
265
2282
6488
7157
8662
9942
4890
4583
7440
6964
5637
6830
360
3782
2229
6764
3842
8867
3086
3040
1695
3980
4465
211
8259
4321
2
5578
635
8457
9821
8778
8977
969
2731
5638
632
8409
201
7954
7486
2397
3818
4255
4166
8795
6510
3039
1569
5674
2757
6126
5318
4940
188
7932
661
5833
1911
3785
4521
9729
2838
5959
8118
1950
1161
4845
4813
9088
6044
5010
484
168
4874
5231
3006
7691
7216
4458
4400
2780
2069
6352
9480
4880
8897
4640
1253
487
9279
3432
3238
7433
9340
3437
5343
6098
3270
8891
6474
7760
928
5973
52
6070
123
8015
3636
6780
3532
1749
4778
1036
7825
5939
6624
1225
5426
364
1173
1126
6108
2851
1423
8364
3865
1525
2213
6279
4704
8683
2126
5552
9582
4379
2359
2805
7475
9096
2692
2329
5211
1826
7442
6840
1442
6408
9504
2352
4905
3886
1234
3434
8894
6399
7710
4626
521
6579
861
6467
1599
126
5808
2228
1096
9455
9449
9211
5375
5226
4277
5001
3158
5365
5612
6495
9674
879
5553
2004
8081
2643
1839
7757
8025
5852
4884
8971
1917
7336
5043
107
4315
7039
5492
8076
1013
7947
380
1528
6167
4602
2017
4221
1007
2279
6754
1452
6209
8474
1291
192
5533
2881
9502
451
2294
9123
2135
9640
1269
6409
5309
9150
1292
1364
1994
426
2714
4750
3193
5742
8781
5556
7584
9792
5810
8847
397
684
3471
5535
2189
3307
149
9833
1305
893
995
4048
1928
1786
6957
1662
5769
6674
9001
1563
7080
1515
7966
7199
7125
5447
4122
7808
7448
1929
6297
7045
6692
5672
3701
137
8389
4414
2455
4598
8945
6665
6870
5527
6649
1560
2250
358
658
8027
4642
5819
4355
4753
9269
8943
6542
6631
3655
7785
3593
4957
2636
6943
3174
458
9795
8445
9581
8332
7778
6965
362
1758
3204
761
8202
3591
59
7829
6338
938
8070
8362
306
9121
9761
2818
1657
9298
6767
9490
345
2742
9349
6074
6716
213
6226
4123
8205
3311
4352
9229
6772
1772
4792
4949
886
5090
3538
4059
54
3638
2401
1026
7640
9289
4432
3201
6862
9838
9991
5245
8750
4977
5903
9612
528
1519
852
1860
3522
5146
3283
5822
3702
9618
7612
9073
3580
1447
1676
948
701
7659
8935
2262
5843
4712
7770
2312
8537
506
348
3589
3776
2562
2103
9515
9406
7872
8992
9036
2368
8494
8717
9026
1937
7902
2373
4090
9135
5884
7868
3645
6513
9524
647
4114
1436
4870
7414
5524
4317
5568
66
7278
6113
9407
3573
6366
5894
7256
4448
5338
5123
2803
1840
6194
2861
3451
8063
5134
3159
3731
9436
9167
4698
325
1615
6425
1741
152
8820
7861
9359
8147
1675
7478
1689
5517
3552
572
2020
4426
6393
9337
1645
3482
1725
5950
3888
1499
3413
6987
1401
5610
5747
6444
2689
4820
3830
6176
2687
8876
7581
4119
4565
3857
5246
4276
9936
1268
8024
7964
6863
2046
5513
8274
7457
2111
5278
329
488
2315
2386
1141
3137
8989
1450
2053
3870
1574
6608
5366
5044
8591
3887
157
3855
614
5419
3779
7227
3592
4430
1308
711
8296
197
8226
7460
3758
6792
3646
4921
6316
5386
6715
1453
2746
8924
7516
8182
2969
234
5387
226
9280
8212
6594
618
9653
3153
868
3698
659
5277
9244
7895
2569
3467
263
7158
1797
1685
9727
6172
1874
3911
3177
5475
8322
4311
3096
7771
3264
5319
2966
1921
6233
636
6618
8701
7131
702
6997
6057
2316
6784
6582
6994
7820
549
8798
3316
2457
1328
2831
3105
3254
1824
5234
8690
4664
3480
4327
7940
4768
2095
508
2199
9972
8634
6140
7086
3503
8678
8103
814
8631
6400
5376
7200
8617
2158
4365
6559
7349
4572
4232
867
960
9275
2040
6590
4431
1748
3660
5989
3053
1489
3440
2073
1485
8879
1628
5817
5070
3619
8573
8527
5570
7342
153
4157
6552
8823
1512
1838
7993
6224
3035
6833
4266
2064
3558
3895
6693
4336
3657
5414
4998
2487
135
3112
7647
5250
1086
7065
8303
4032
4102
9
2206
8004
716
555
2492
8838
4860
1282
7168
5204
9997
5481
9990
6190
1820
5154
7055
8229
1119
7687
4707
1299
993
4759
2127
5217
2971
7917
177
6727
6522
9790
8574
7466
4286
117
2983
3588
2029
9802
3863
9613
548
9558
2870
7263
1189
4520
5285
8375
44
6339
2479
4306
8448
8144
7889
7378
4984
3287
4734
4650
721
1619
6589
1155
7351
7999
2172
297
3676
5050
9301
9028
6602
590
1537
1352
8898
9098
4108
7809
8775
4388
4084
2221
7420
4204
5230
2424
8169
643
1383
7110
9431
2303
3536
829
2163
9277
945
6262
243
5929
2276
3997
1703
592
6825
393
5467
9977
3973
1197
9240
4994
5367
9970
1033
1893
3208
990
5352
4669
2122
1073
316
218
5717
4882
7755
9539
1883
1200
8908
32
7865
9834
4592
4322
8357
956
6508
3484
4501
5040
536
6788
2449
8761
7819
5814
7345
257
6898
4527
5893
1898
4139
3240
680
6567
2335
5633
4834
437
4420
4444
1979
2027
3330
1811
6807
3626
3583
3222
1796
7154
4881
4858
6460
3319
7748
912
6868
8555
9100
6202
1598
1280
7542
4141
2842
7246
8211
402
2133
9638
7003
5815
812
7504
9230
3359
5706
6275
6634
4744
1276
1443
4925
5068
9503
355
6210
1538
8163
9016
7012
7965
854
7804
3220
4209
3846
41
4510
8534
8516
1699
9627
9497
7843
4558
3443
3336
1435
8247
9617
2658
5966
7588
6420
8065
2529
6139
315
7089
9603
6063
9547
9208
6325
2325
7071
1208
3097
4200
3992
5522
4253
748
1136
4766
8045
8782
757
8684
6524
6930
1252
9362
3120
4145
4754
62
6288
8164
7484
7341
5401
349
1350
9871
2989
6847
5173
5890
6822
1846
9421
3215
8084
1908
9536
8929
1117
119
8890
7740
6604
3302
660
631
1020
4910
907
456
6300
7315
3666
9396
5293
9495
4983
4819
1311
9017
9993
2258
7387
2164
929
7145
5434
4160
5881
917
8127
5971
8927
2908
3078
5264
2062
1406
2559
8849
3943
6121
9866
3333
3896
8625
8845
6576
8034
8870
3935
1997
2513
6645
8281
1085
8520
6004
762
4319
9986
3894
9034
4152
1918
3780
284
3474
6243
2138
4302
6229
5743
6805
2655
9800
9860
9265
1074
4647
8673
5157
9614
9879
6698
7394
5567
9377
5766
1390
8308
8960
9338
8635
1788
4009
1878
4705
8122
7066
6264
5580
8987
566
271
4214
4158
8238
1039
3468
8420
7215
1265
6222
9537
2890
7050
4531
8320
7855
28
966
3116
2987
8921
8219
7139
4648
6087
9102
6843
9116
9591
7727
8852
9433
7607
9005
6832
8109
3756
6973
2911
1807
2383
385
7313
5795
2768
9306
3627
6403
8140
1216
3368
9451
1584
5832
8553
9237
7088
641
6995
3268
9884
8973
1798
2462
7408
3889
9130
7067
155
286
7121
5344
9364
5421
2792
9370
5825
6621
3478
7399
7887
6702
2000
7079
8510
8769
8509
6028
7273
219
4215
766
8850
9899
2564
6497
2495
2231
8304
2909
3298
6610
3377
4211
9330
4765
138
6956
2232
3052
1632
3146
9266
3968
8342
2195
9526
6441
7401
7598
1294
5932
5237
5844
9930
8178
8285
3684
2378
7189
193
6597
3448
7529
4164
161
9481
5924
5877
9345
7977
5792
3534
8925
5372
4568
8708
2697
7636
148
8609
728
103
5358
7422
7093
90
4646
4701
8161
5631
4019
3051
9780
2226
2021
4755
543
9403
5981
8654
586
5683
8562
2825
2914
6722
5015
8884
8189
5946
7127
3705
2744
5221
6803
9011
6142
6036
2011
1707
4732
109
593
9108
9105
6855
4700
6657
7407
573
4361
3079
5908
3708
4886
6284
4094
1992
8183
623
21
5347
6027
4445
3610
6755
7907
95
3218
1051
4895
1776
258
8176
9520
7004
6090
8349
3408
7334
3085
8276
1633
2238
4769
4830
3706
8950
9328
1392
7239
1607
4132
5590
6348
3585
4429
3104
2175
6809
2236
9286
9711
3297
7780
5608
6052
8810
7314
2635
9738
7072
8481
8116
9551
5618
3555
8167
7835
2830
5463
3332
2669
3030
1951
9199
4100
499
4237
8126
8417
8539
3426
7682
244
6431
8547
626
8526
5328
8072
3155
7903
9252
6107
2848
6289
7970
240
450
9870
683
4505
298
5263
6837
6951
2598
1814
2186
9378
6505
7930
4272
9855
3972
8830
6841
185
1172
6220
3714
5540
591
5056
2561
3390
1133
807
4372
2779
9812
6551
7943
2227
3179
8082
3659
6540
4976
5162
9873
5910
599
4922
4861
3370
7043
5565
6998
7271
6812
8606
8672
9557
4273
8172
6144
9065
1027
2391
3784
9888
4498
9055
753
6633
6672
4128
3617
